0 0.970866322517395 268 502 448 555
0 0.9615099430084229 1786 440 1919 488
0 0.9585498571395874 243 397 350 438
0 0.9530385136604309 154 401 227 436
0 0.947368860244751 1377 466 1547 521
0 0.940619170665741 1536 419 1698 483
0 0.932933509349823 1308 431 1458 483
0 0.9306607246398926 843 353 881 390
0 0.8854407072067261 863 326 893 353
0 0.5090743899345398 1238 250 1282 267
0 0.48114466667175293 436 772 463 783
0 0.40997514128685 591 217 616 229
0 0.2530299425125122 1572 250 1614 304
0 0.25203385949134827 23 366 117 399
