0 0.9756473302841187 269 502 447 555
0 0.9725708961486816 1692 440 1852 490
0 0.9601419568061829 244 397 350 437
0 0.955547034740448 1396 414 1549 481
0 0.9507710933685303 155 401 227 436
0 0.9491332769393921 25 367 118 400
0 0.9292550086975098 843 353 880 390
0 0.928816020488739 1043 479 1199 540
0 0.9173383712768555 1049 425 1188 478
0 0.9129241108894348 119 350 189 382
0 0.8823928833007812 862 327 893 353
0 0.5996427536010742 440 771 466 783
0 0.5621288418769836 1238 248 1283 267
0 0.41712072491645813 590 217 616 229
0 0.299861878156662 1524 35 1550 74
0 0.29577240347862244 1448 63 1476 80
0 0.29308655858039856 443 779 470 791
