0 0.970852792263031 269 502 448 555
0 0.9667112827301025 1752 439 1914 489
0 0.9613727331161499 244 397 350 437
0 0.9512712359428406 154 401 227 437
0 0.9304255247116089 843 353 880 390
0 0.9218476414680481 1460 418 1625 482
0 0.9055267572402954 1135 471 1300 525
0 0.899462103843689 1124 430 1274 488
0 0.8903568983078003 24 366 118 399
0 0.8882084488868713 863 327 893 353
0 0.7768970727920532 118 350 188 382
0 0.5774574279785156 1238 249 1282 268
0 0.46381717920303345 590 217 616 229
0 0.41909369826316833 1570 250 1614 308
0 0.4169144332408905 440 774 467 784
0 0.3457452654838562 1524 36 1550 75
0 0.30861908197402954 1448 63 1476 80
