0 0.9724098443984985 267 502 448 555
0 0.9631003737449646 1786 440 1919 488
0 0.9601070284843445 244 397 350 437
0 0.9519662261009216 154 401 227 437
0 0.9457305073738098 1377 466 1547 521
0 0.940143346786499 1535 419 1698 483
0 0.9341357350349426 1307 432 1459 484
0 0.9307520985603333 843 353 881 390
0 0.8853102326393127 862 327 893 353
0 0.6318830847740173 1238 249 1282 267
0 0.6135594844818115 23 366 117 399
0 0.5172505974769592 438 772 463 783
0 0.4420795142650604 590 217 615 229
0 0.3917011320590973 119 350 189 382
