0 0.9763006567955017 269 502 447 555
0 0.971189558506012 1674 440 1831 489
0 0.9604204297065735 244 397 350 437
0 0.9510020017623901 155 401 227 436
0 0.9501502513885498 25 367 118 400
0 0.944277822971344 1375 416 1527 479
0 0.9316434860229492 1023 480 1178 547
0 0.9275162816047668 843 353 881 390
0 0.919419527053833 1033 422 1165 475
0 0.916736900806427 119 350 189 382
0 0.8830864429473877 862 327 893 353
0 0.624514639377594 1238 248 1283 268
0 0.6086118817329407 440 772 466 783
0 0.42933276295661926 590 217 616 229
0 0.30200767517089844 38 873 74 886
0 0.2939634621143341 1448 63 1476 80
0 0.2889006435871124 442 779 469 791
0 0.266027569770813 1524 35 1550 74
0 0.2548445761203766 1570 250 1615 308
