0 0.9701554775238037 256 367 449 456
0 0.9662998914718628 2 328 127 373
0 0.9656750559806824 348 339 518 407
0 0.9638977646827698 1336 339 1483 386
0 0.9624165892601013 124 331 263 373
0 0.9609907865524292 29 380 210 437
0 0.960964560508728 1514 344 1682 389
0 0.9551911354064941 150 365 268 411
0 0.9184291362762451 863 258 896 291
0 0.9071153998374939 885 310 951 378
0 0.5112794637680054 1434 143 1540 190
0 0.41625702381134033 1754 15 1825 76
0 0.2798140347003937 926 220 947 239
0 0.2757585644721985 1058 898 1081 914
