0 0.9698962569236755 267 502 446 555
0 0.959086537361145 1786 440 1919 488
0 0.9584145545959473 243 397 350 438
0 0.9499173164367676 154 401 227 437
0 0.9479427337646484 1530 418 1691 484
0 0.933009147644043 843 353 881 390
0 0.9228009581565857 1294 464 1464 521
0 0.903384268283844 1249 432 1403 485
0 0.8873717784881592 862 327 893 353
0 0.7331529855728149 24 366 117 400
0 0.6134892702102661 1238 249 1282 267
0 0.574665367603302 118 350 190 382
0 0.4655572474002838 591 217 616 229
0 0.3995620608329773 443 776 469 787
0 0.3819212019443512 439 772 464 782
0 0.26386430859565735 448 782 475 793
0 0.2635701298713684 1571 249 1615 307
