0 0.9741959571838379 268 502 447 555
0 0.9675166010856628 624 696 821 913
0 0.9604393839836121 243 397 350 437
0 0.9585270881652832 1219 440 1363 491
0 0.950875997543335 154 401 226 436
0 0.9472664594650269 25 367 117 400
0 0.9345503449440002 906 407 1037 464
0 0.9129610657691956 843 353 881 389
0 0.91241455078125 118 350 189 382
0 0.8733365535736084 862 326 894 353
0 0.8627949357032776 969 365 1011 403
0 0.5154322981834412 591 217 616 230
0 0.48515474796295166 1241 249 1282 267
0 0.4797472059726715 441 775 466 787
0 0.45617982745170593 439 771 464 782
0 0.39372292160987854 1570 250 1615 309
0 0.2698323428630829 1449 62 1477 79
