0 0.9734875559806824 270 502 448 555
0 0.9654897451400757 515 803 778 1080
0 0.9597793221473694 243 397 350 437
0 0.9511775970458984 1167 440 1310 491
0 0.9498775005340576 154 401 227 436
0 0.9457301497459412 25 367 117 400
0 0.9273902773857117 846 403 973 460
0 0.9110559225082397 118 349 189 382
0 0.9021530747413635 843 352 881 390
0 0.8724386692047119 970 356 1005 392
0 0.8650473952293396 863 326 894 354
0 0.5141401290893555 591 217 616 230
0 0.5110254883766174 439 771 463 783
0 0.4883923828601837 1241 249 1283 267
0 0.3281080424785614 1570 250 1615 309
0 0.282425194978714 1449 62 1477 79
0 0.2676514983177185 441 778 467 790
