0 0.9768514037132263 269 502 448 555
0 0.9600503444671631 244 397 350 437
0 0.9574185609817505 1546 439 1698 489
0 0.9535243511199951 25 367 117 400
0 0.9513773322105408 155 401 227 437
0 0.9455080628395081 1242 412 1384 474
0 0.9375620484352112 936 506 1077 590
0 0.9311240315437317 843 353 881 390
0 0.9152910113334656 119 350 189 382
0 0.8882666826248169 863 326 893 353
0 0.8837995529174805 996 406 1070 454
0 0.6035895347595215 1240 249 1283 267
0 0.575972318649292 438 773 463 784
0 0.519173800945282 589 217 616 230
0 0.33118176460266113 1571 250 1614 307
0 0.27581340074539185 172 374 233 405
0 0.259787917137146 1526 36 1550 74
0 0.25802358984947205 439 777 466 789
