0 0.9748092293739319 269 502 447 555
0 0.9682992100715637 576 742 800 1003
0 0.9600532054901123 243 397 350 437
0 0.956358790397644 1193 440 1337 491
0 0.9516929984092712 154 401 227 436
0 0.9474331140518188 25 367 117 400
0 0.9179996252059937 872 405 1004 463
0 0.9135470390319824 118 349 189 382
0 0.899354100227356 843 353 881 390
0 0.8708775639533997 863 326 894 353
0 0.8610160946846008 970 361 1008 398
0 0.5248109698295593 591 217 616 230
0 0.48060348629951477 1241 249 1282 266
0 0.46193093061447144 440 774 465 786
0 0.442727267742157 438 771 462 782
0 0.36166098713874817 1570 249 1615 309
0 0.27448663115501404 1449 62 1477 79
