0 0.9709491729736328 268 502 448 555
0 0.9618614315986633 1786 440 1920 488
0 0.9588831067085266 243 397 350 438
0 0.9529192447662354 154 401 227 437
0 0.946779191493988 1377 465 1548 521
0 0.9400774240493774 1536 419 1698 483
0 0.9325054883956909 1308 431 1458 483
0 0.9308333396911621 843 353 881 390
0 0.884366512298584 862 326 893 353
0 0.5769928097724915 1237 249 1283 267
0 0.46990153193473816 436 772 463 782
0 0.4292026162147522 591 217 616 229
0 0.3065866231918335 24 366 117 399
0 0.2875601649284363 1572 250 1614 305
