0 0.9807952046394348 1060 848 1222 1081
0 0.9640682935714722 1031 265 1092 325
0 0.963431715965271 70 493 309 595
0 0.9545421600341797 991 335 1056 387
0 0.9497371315956116 1154 452 1490 653
0 0.9394692182540894 1059 248 1109 280
0 0.9341524243354797 1019 313 1072 355
0 0.9011881947517395 1542 110 1589 141
0 0.8907667994499207 1768 440 1919 503
0 0.8565232753753662 1593 61 1692 122
0 0.43741652369499207 113 204 134 216
0 0.34051021933555603 348 275 369 290
0 0.286406934261322 1149 19 1202 45
0 0.27488383650779724 499 22 531 42
