0 0.9708394408226013 268 501 448 555
0 0.957621157169342 243 397 350 438
0 0.9476699829101562 154 401 227 436
0 0.9425252676010132 1377 466 1547 521
0 0.936485767364502 1535 419 1698 483
0 0.9353375434875488 843 353 880 389
0 0.9332133531570435 1307 432 1458 484
0 0.9179486632347107 784 510 873 589
0 0.8922788500785828 862 326 893 353
0 0.5373819470405579 1236 250 1281 268
0 0.40173882246017456 438 772 463 782
0 0.3955591320991516 590 216 616 228
0 0.3592299520969391 24 366 117 400
0 0.32653316855430603 439 775 466 785
