0 0.9680078625679016 257 367 449 456
0 0.965571939945221 347 339 517 407
0 0.9627200961112976 1336 339 1483 386
0 0.9621800184249878 2 327 127 373
0 0.9600000381469727 1549 344 1721 390
0 0.9552454948425293 127 331 265 373
0 0.9534449577331543 0 379 174 436
0 0.951667070388794 145 366 269 413
0 0.9252749681472778 863 258 896 291
0 0.9074451327323914 905 285 957 339
0 0.6221151351928711 1438 144 1541 190
0 0.502335250377655 1753 15 1826 77
0 0.25774362683296204 1056 897 1080 914
0 0.25302162766456604 1717 133 1747 148
