0 0.9768335223197937 269 502 448 555
0 0.960054337978363 244 397 350 437
0 0.9526782631874084 25 367 117 400
0 0.9510746002197266 155 401 227 437
0 0.9481455683708191 1577 439 1732 488
0 0.9418621063232422 955 497 1098 580
0 0.9311869144439697 843 353 881 390
0 0.9284642934799194 1268 410 1411 472
0 0.9139912128448486 119 350 189 382
0 0.9022658467292786 1001 411 1085 460
0 0.8862959146499634 863 327 893 353
0 0.6156572103500366 1239 249 1282 268
0 0.550043523311615 439 773 463 784
0 0.5348531603813171 589 217 616 230
0 0.38263043761253357 1571 250 1614 306
0 0.30984050035476685 172 374 233 404
0 0.2765903174877167 1526 36 1550 75
0 0.25094449520111084 1649 87 1670 113
