0 0.9725445508956909 268 502 448 555
0 0.9617124199867249 1786 440 1919 488
0 0.9597429037094116 243 397 350 437
0 0.9503626227378845 154 401 227 436
0 0.9448622465133667 1378 466 1547 521
0 0.9435434341430664 1535 418 1698 483
0 0.9325822591781616 1307 432 1457 484
0 0.9305263161659241 843 353 881 390
0 0.8877493143081665 863 327 893 353
0 0.6396098732948303 24 366 117 400
0 0.5970333218574524 437 771 464 783
0 0.5416229963302612 1238 250 1281 267
0 0.43952879309654236 590 217 616 229
0 0.32841819524765015 119 350 190 382
