0 0.9799187183380127 1059 848 1223 1081
0 0.9697385430335999 1 405 205 581
0 0.9639911651611328 1030 265 1092 325
0 0.954629123210907 991 335 1057 387
0 0.942812979221344 1448 477 1695 579
0 0.9393472075462341 1058 248 1109 280
0 0.9360913634300232 1018 313 1072 356
0 0.9339087009429932 938 509 1158 610
0 0.933659017086029 1532 113 1581 143
0 0.5099561810493469 1151 21 1201 45
0 0.38327744603157043 1588 107 1633 131
0 0.31079766154289246 50 2 76 12
0 0.30819931626319885 349 274 372 289
0 0.2939239740371704 113 203 134 214
0 0.2765379548072815 502 24 530 42
