0 0.9720258116722107 268 502 447 555
0 0.962017297744751 1786 440 1920 488
0 0.9609283208847046 243 397 350 437
0 0.9538530111312866 154 401 227 437
0 0.9457367062568665 1377 466 1547 521
0 0.9385296106338501 1535 418 1698 483
0 0.932765781879425 1309 432 1459 483
0 0.9302855730056763 843 353 880 390
0 0.8859847784042358 863 327 893 353
0 0.7343159317970276 24 366 117 400
0 0.5613209009170532 1238 250 1282 268
0 0.5455410480499268 437 771 464 782
0 0.4784444570541382 118 350 189 382
0 0.44989925622940063 590 218 616 229
0 0.28650376200675964 1571 249 1615 306
