0 0.9721710085868835 268 502 448 555
0 0.9619457125663757 1786 440 1920 488
0 0.9597383141517639 243 397 351 437
0 0.950177788734436 154 401 227 436
0 0.9447753429412842 1378 466 1547 521
0 0.9431887865066528 1535 418 1698 483
0 0.9320189356803894 1307 432 1457 484
0 0.9300610423088074 843 353 881 389
0 0.8850497603416443 862 326 893 353
0 0.6757599115371704 24 366 117 400
0 0.5508148074150085 1239 249 1283 267
0 0.5184297561645508 436 772 462 783
0 0.43602100014686584 590 217 616 229
0 0.3768374025821686 118 350 190 383
