0 0.971735417842865 267 502 447 555
0 0.9620514512062073 1786 440 1920 488
0 0.9605695009231567 243 397 350 437
0 0.9538228511810303 154 401 227 437
0 0.9458955526351929 1377 466 1547 521
0 0.9394130110740662 1535 418 1698 483
0 0.9316586852073669 1309 432 1459 483
0 0.930312991142273 843 353 881 390
0 0.8862681984901428 863 327 893 353
0 0.744414210319519 24 366 117 400
0 0.5976934432983398 1238 250 1282 268
0 0.520514190196991 438 771 463 781
0 0.5031169056892395 118 350 189 382
0 0.4546669125556946 590 218 616 229
0 0.2859307527542114 1571 249 1615 306
