0 0.9757800102233887 269 502 448 555
0 0.9676410555839539 1654 440 1812 489
0 0.9589114785194397 243 397 350 437
0 0.9515740275382996 25 367 117 400
0 0.950106143951416 155 401 227 437
0 0.9380266070365906 1005 485 1156 553
0 0.9370882511138916 1349 414 1497 478
0 0.9300546646118164 843 353 881 390
0 0.9213176369667053 1024 420 1146 471
0 0.9127456545829773 119 350 189 382
0 0.8829824924468994 863 327 893 353
0 0.6226004362106323 1239 249 1283 268
0 0.5662923455238342 440 774 466 785
0 0.5079925060272217 589 217 616 230
0 0.34262025356292725 171 374 233 404
0 0.3154962360858917 1571 250 1615 306
0 0.2574128210544586 1526 37 1550 75
