0 0.970786452293396 268 502 448 555
0 0.960320770740509 1786 440 1920 488
0 0.9590491652488708 243 397 350 438
0 0.9522875547409058 154 401 226 437
0 0.9447540640830994 1377 466 1547 521
0 0.9422945380210876 1535 418 1699 483
0 0.9318549036979675 1307 432 1458 484
0 0.9291190505027771 843 353 881 390
0 0.8848562240600586 863 326 893 353
0 0.5972390174865723 23 366 117 400
0 0.5900507569313049 1239 249 1281 267
0 0.4959269165992737 591 217 616 229
0 0.44542214274406433 437 773 463 784
0 0.3702809512615204 119 350 190 382
0 0.2551008462905884 1571 250 1614 306
0 0.2500309348106384 702 232 726 246
