0 0.971152126789093 267 502 448 555
0 0.963296115398407 1786 440 1919 488
0 0.9601892828941345 244 397 350 437
0 0.9518961906433105 154 401 228 437
0 0.9453461170196533 1377 466 1547 521
0 0.9399259686470032 1535 419 1698 483
0 0.9341947436332703 1307 432 1459 484
0 0.9317328929901123 843 353 881 390
0 0.8871476054191589 862 327 893 353
0 0.6529385447502136 23 366 117 399
0 0.6408244967460632 1238 249 1282 267
0 0.5342361330986023 438 772 464 783
0 0.42439067363739014 119 350 189 382
0 0.4166804850101471 590 217 615 229
0 0.2619847357273102 443 778 471 790
