0 0.9713084101676941 268 502 448 555
0 0.961331307888031 1786 441 1919 488
0 0.9580368399620056 243 397 350 437
0 0.952759325504303 154 400 227 436
0 0.9485687613487244 1377 466 1547 521
0 0.9444320201873779 1535 418 1698 483
0 0.9325000643730164 1307 431 1458 484
0 0.9311385154724121 843 353 881 390
0 0.8883302211761475 863 326 894 353
0 0.5319602489471436 439 771 464 782
0 0.5127254724502563 1239 250 1283 268
0 0.4671674966812134 589 217 615 229
0 0.4203549921512604 23 366 117 400
0 0.2663886845111847 120 350 190 382
