0 0.9728535413742065 268 502 448 555
0 0.962709903717041 1786 440 1919 488
0 0.9593177437782288 244 397 350 437
0 0.9503732919692993 154 400 227 436
0 0.9462096095085144 1378 466 1547 521
0 0.9445926547050476 1535 418 1698 483
0 0.9325049519538879 1306 431 1459 484
0 0.9298110604286194 843 353 881 390
0 0.8865190744400024 863 327 893 353
0 0.6556114554405212 24 366 117 400
0 0.580649197101593 436 772 463 783
0 0.547479510307312 1238 250 1281 268
0 0.4545636475086212 590 217 616 229
0 0.36546558141708374 118 350 189 382
