0 0.9719299674034119 268 501 447 555
0 0.9607565402984619 1786 440 1920 488
0 0.9584888219833374 243 397 350 438
0 0.9522786140441895 154 401 226 437
0 0.944820761680603 1377 466 1547 521
0 0.9419865012168884 1535 418 1699 483
0 0.9324636459350586 1307 432 1459 484
0 0.9293712973594666 843 353 881 390
0 0.884982168674469 863 327 893 353
0 0.6244737505912781 1239 249 1282 267
0 0.5928155779838562 23 366 117 400
0 0.5164860486984253 438 772 463 783
0 0.5077860951423645 591 218 616 229
0 0.3543071150779724 119 350 189 382
0 0.28800496459007263 1571 250 1614 305
