0 0.9763520359992981 269 502 448 555
0 0.9640357494354248 1631 440 1789 489
0 0.9593744277954102 244 397 350 437
0 0.9527303576469421 25 367 117 400
0 0.951432466506958 155 401 227 437
0 0.9383901357650757 988 488 1138 562
0 0.9381508231163025 1321 413 1469 477
0 0.9318181276321411 843 353 881 390
0 0.9143498539924622 119 350 189 382
0 0.9042718410491943 1017 415 1123 468
0 0.8839267492294312 863 327 893 353
0 0.6055349707603455 1238 249 1282 268
0 0.5372599959373474 441 774 466 785
0 0.5057608485221863 589 217 616 230
0 0.3691246807575226 1571 250 1615 306
0 0.277852326631546 171 374 233 405
0 0.2620435655117035 1526 36 1550 74
