0 0.9714756608009338 340 500 518 554
0 0.9597414135932922 244 397 349 437
0 0.9510664343833923 154 401 227 437
0 0.9482346177101135 24 366 117 400
0 0.9382709860801697 1049 436 1186 485
0 0.9189401268959045 843 353 881 390
0 0.9178964495658875 692 397 813 449
0 0.9153665900230408 118 350 189 382
0 0.8833717107772827 862 326 893 353
0 0.8769146800041199 966 333 1000 367
0 0.8716760277748108 954 959 1198 1082
0 0.5760517716407776 1238 248 1282 268
0 0.5145087242126465 439 771 462 782
0 0.44795724749565125 590 217 617 230
0 0.40075981616973877 440 777 465 788
0 0.3169821798801422 1525 36 1550 76
0 0.3147876262664795 38 874 74 887
0 0.26289835572242737 1449 62 1479 79
