0 0.9714488387107849 268 502 448 555
0 0.9629256725311279 1786 440 1919 488
0 0.957958996295929 243 397 350 437
0 0.9524567127227783 154 400 227 436
0 0.9485241770744324 1377 466 1547 521
0 0.9449549913406372 1535 418 1698 483
0 0.9313892722129822 1307 431 1459 484
0 0.9307124614715576 843 353 881 390
0 0.8871325254440308 863 326 894 353
0 0.46680256724357605 1238 249 1283 267
0 0.4536230266094208 589 217 615 229
0 0.45145082473754883 439 771 463 781
0 0.42433202266693115 23 366 117 400
0 0.2802354097366333 119 350 190 382
