0 0.9710697531700134 268 502 448 555
0 0.9624313712120056 1786 441 1919 488
0 0.9588460326194763 243 397 350 437
0 0.951874315738678 154 400 227 436
0 0.9485570192337036 1377 466 1547 521
0 0.9448771476745605 1535 418 1698 483
0 0.9322152137756348 843 353 881 390
0 0.930431604385376 1308 431 1458 484
0 0.8898715972900391 862 326 894 353
0 0.5336313843727112 438 771 463 782
0 0.4842139482498169 1237 250 1282 268
0 0.47965312004089355 23 366 117 399
0 0.44566673040390015 589 217 615 229
0 0.2944300174713135 120 350 189 382
