0 0.9698533415794373 256 367 449 456
0 0.9662726521492004 2 328 127 373
0 0.9655797481536865 348 339 518 407
0 0.9642515182495117 1336 339 1483 386
0 0.9626769423484802 124 331 263 373
0 0.9612208008766174 1514 344 1682 389
0 0.9609245657920837 29 380 210 437
0 0.9552605748176575 150 365 268 411
0 0.9185895919799805 863 258 896 291
0 0.9042707085609436 887 306 952 373
0 0.5607168674468994 1435 143 1540 190
0 0.4473463296890259 1754 14 1824 77
0 0.3161206543445587 927 221 947 239
0 0.27684885263442993 1058 898 1081 914
