0 0.9727120399475098 268 502 448 555
0 0.9616772532463074 1786 440 1919 488
0 0.9596986174583435 243 397 350 437
0 0.9501466155052185 154 400 227 436
0 0.9458646178245544 1378 466 1547 521
0 0.944909930229187 1535 418 1698 483
0 0.9322637319564819 1306 431 1459 484
0 0.9296258687973022 843 353 881 389
0 0.8868703246116638 863 327 893 353
0 0.6440045237541199 24 366 117 400
0 0.5656532645225525 437 772 463 783
0 0.48967573046684265 1237 250 1281 268
0 0.46770837903022766 590 217 616 229
0 0.37524718046188354 118 350 190 382
