0 0.9799891710281372 1060 848 1223 1081
0 0.9698981046676636 1 404 204 581
0 0.964099645614624 1030 265 1092 325
0 0.9548525214195251 991 335 1057 387
0 0.9495278596878052 974 499 1197 599
0 0.9406263828277588 1505 478 1758 581
0 0.9392251372337341 1058 248 1109 281
0 0.9361000657081604 1018 313 1072 356
0 0.9333353638648987 1531 113 1581 143
0 0.5370009541511536 1151 21 1201 45
0 0.3305843770503998 113 203 134 215
0 0.3225541412830353 50 2 77 12
0 0.30078035593032837 349 274 371 289
0 0.30000418424606323 1588 108 1631 132
0 0.28609269857406616 501 24 530 42
