0 0.9702206254005432 267 502 448 555
0 0.9594400525093079 1786 440 1920 488
0 0.9589681625366211 243 397 350 438
0 0.9521210789680481 154 401 226 437
0 0.944457471370697 1377 466 1547 521
0 0.942956805229187 1535 418 1699 483
0 0.9318848252296448 1307 432 1458 484
0 0.929947555065155 843 353 881 390
0 0.8853625655174255 862 326 893 353
0 0.6195823550224304 23 366 117 400
0 0.5628534555435181 1239 249 1281 267
0 0.4960239827632904 591 217 616 229
0 0.3876822292804718 119 350 189 382
0 0.3140415549278259 438 772 464 782
0 0.2822220027446747 439 776 466 787
0 0.2600317597389221 1571 249 1615 306
