0 0.9755248427391052 268 501 450 556
0 0.9593268632888794 244 397 350 438
0 0.9431761503219604 153 401 227 437
0 0.9422996044158936 1381 466 1546 521
0 0.9398528337478638 1535 419 1698 482
0 0.9340999722480774 1307 432 1459 484
0 0.9302156567573547 843 353 880 390
0 0.9042172431945801 828 441 890 493
0 0.8907307386398315 863 326 894 354
0 0.6984792947769165 1574 249 1616 306
0 0.5593653321266174 435 773 462 785
0 0.4525972902774811 1891 122 1916 144
0 0.33264797925949097 23 369 118 400
0 0.3063403069972992 1243 251 1280 265
0 0.29737135767936707 697 233 718 246
0 0.28822171688079834 119 351 190 385
0 0.25828030705451965 1481 197 1515 216
