0 0.9748210310935974 268 501 450 555
0 0.9606905579566956 243 397 350 438
0 0.9530074596405029 1785 440 1920 488
0 0.947675347328186 1379 466 1547 521
0 0.9449261426925659 153 402 228 437
0 0.9366779327392578 1307 431 1459 484
0 0.9363429546356201 1536 418 1699 482
0 0.9289076924324036 843 353 880 390
0 0.8877913951873779 863 326 894 354
0 0.7234682440757751 1574 249 1616 306
0 0.5672307014465332 434 772 462 784
0 0.564117968082428 24 368 117 400
0 0.5452490448951721 118 351 190 384
0 0.39525106549263 1891 121 1915 144
0 0.3178420960903168 696 232 717 245
0 0.2814950942993164 588 216 614 228
0 0.26330551505088806 1734 224 1795 257
