0 0.9734594821929932 1060 848 1223 1081
0 0.9674161076545715 1399 470 1767 673
0 0.9548709392547607 70 495 309 596
0 0.953658938407898 1030 265 1093 325
0 0.9510235786437988 991 336 1057 387
0 0.9422683715820312 1058 248 1109 282
0 0.9347770810127258 1019 316 1071 356
0 0.8956975936889648 1686 426 1885 498
0 0.8575300574302673 1542 109 1591 140
0 0.7956749796867371 1588 60 1680 124
0 0.6875376105308533 106 294 135 338
0 0.6008730530738831 113 203 136 216
0 0.4534383714199066 124 1036 157 1050
0 0.44125592708587646 1666 438 1732 478
0 0.38980454206466675 502 25 528 40
0 0.32009434700012207 153 200 180 214
0 0.28408852219581604 165 77 194 92
0 0.280283659696579 1154 23 1200 45
0 0.2587887644767761 279 0 311 18
0 0.2543441355228424 347 273 372 289
