0 0.973341703414917 1060 848 1224 1081
0 0.9570855498313904 71 495 309 596
0 0.9562078714370728 1031 265 1093 326
0 0.9555836915969849 1486 483 1877 681
0 0.9504051804542542 990 336 1057 387
0 0.9420086741447449 1058 248 1109 282
0 0.9376559257507324 1019 315 1071 356
0 0.8629573583602905 1563 64 1677 132
0 0.8596850037574768 1642 420 1854 489
0 0.6659750938415527 1541 110 1593 141
0 0.5622039437294006 113 203 136 215
0 0.45839568972587585 502 24 530 41
0 0.4417129456996918 106 295 134 337
0 0.401120662689209 1633 433 1702 478
0 0.37935972213745117 1153 23 1200 45
0 0.262935996055603 152 201 176 213
