0 0.9768890142440796 268 501 449 555
0 0.9733250141143799 1692 439 1852 490
0 0.9621043801307678 244 397 350 438
0 0.9520103931427002 153 402 228 437
0 0.9477419853210449 1396 416 1550 481
0 0.9472246170043945 26 367 117 400
0 0.9317491054534912 1041 477 1200 538
0 0.9295555353164673 843 352 880 390
0 0.9120571613311768 117 350 189 382
0 0.9003301858901978 1050 424 1187 479
0 0.8846722841262817 863 326 894 354
0 0.7237083315849304 1572 248 1617 307
0 0.6003009080886841 437 771 464 784
0 0.4365875720977783 1890 120 1916 145
0 0.37290075421333313 1242 249 1281 266
0 0.3059006333351135 590 216 615 229
0 0.3000098168849945 696 232 718 245
