0 0.9736073613166809 1060 848 1223 1081
0 0.9701483249664307 1314 464 1669 667
0 0.9550488591194153 70 495 309 596
0 0.9539602994918823 1030 265 1093 325
0 0.9513225555419922 991 336 1057 387
0 0.9426043033599854 1058 248 1109 282
0 0.9352735877037048 1019 316 1071 356
0 0.9029330015182495 1707 429 1916 500
0 0.8875333666801453 1542 110 1589 140
0 0.7780603766441345 1581 62 1686 128
0 0.6150497794151306 113 204 136 216
0 0.4777262210845947 107 296 136 339
0 0.4369851052761078 124 1036 157 1050
0 0.4233587980270386 503 25 528 40
0 0.3467338979244232 152 200 179 213
0 0.29088473320007324 347 274 372 289
0 0.27711859345436096 165 78 194 92
0 0.25442832708358765 1153 23 1200 45
