0 0.9753329157829285 268 501 449 555
0 0.960858166217804 1753 440 1915 489
0 0.960787296295166 244 397 350 438
0 0.9459805488586426 153 402 228 437
0 0.9329192638397217 843 353 880 390
0 0.9193428158760071 1135 471 1301 525
0 0.9178559184074402 1460 421 1617 482
0 0.8936562538146973 863 326 894 354
0 0.8917617797851562 1123 430 1272 488
0 0.8433392643928528 25 367 117 400
0 0.8199242353439331 118 351 190 384
0 0.728073239326477 1573 249 1615 306
0 0.5252547860145569 436 771 464 783
0 0.4508957266807556 1243 250 1281 266
0 0.4175236225128174 1891 121 1915 144
0 0.36774080991744995 695 232 716 245
0 0.3106694221496582 589 216 615 229
0 0.2773926258087158 1482 198 1516 217
0 0.2511298656463623 1446 61 1477 82
