0 0.9534904956817627 854 377 980 477
0 0.9507341384887695 73 494 308 596
0 0.9282759428024292 1119 369 1185 430
0 0.905651867389679 1063 174 1162 285
0 0.9052063822746277 1016 306 1074 347
0 0.7763868570327759 1322 169 1372 202
0 0.5901085734367371 1494 87 1536 109
0 0.4894956052303314 113 203 134 214
0 0.47971662878990173 570 393 604 443
0 0.4521166682243347 163 76 191 90
0 0.43535950779914856 502 25 529 41
0 0.2612205147743225 997 6 1033 44
0 0.2558595538139343 281 0 310 17
0 0.25570979714393616 348 273 373 289
