0 0.9755147099494934 268 501 449 556
0 0.9616907835006714 244 397 350 438
0 0.9561949968338013 1785 440 1920 488
0 0.9468900561332703 1379 466 1547 521
0 0.9461976289749146 153 402 228 437
0 0.9397692680358887 1535 419 1697 482
0 0.9325389266014099 1307 432 1460 484
0 0.9312585592269897 843 353 880 390
0 0.8881843090057373 863 326 894 354
0 0.8475515842437744 24 368 117 400
0 0.8061688542366028 119 351 190 383
0 0.7363816499710083 1573 248 1617 306
0 0.49326545000076294 436 772 463 784
0 0.4906964600086212 1242 251 1281 267
0 0.4168270230293274 1890 122 1915 144
0 0.3811451494693756 697 232 717 245
0 0.2833348512649536 1732 224 1794 259
0 0.2733895480632782 1647 85 1670 112
0 0.26075252890586853 589 215 614 228
