0 0.9765949845314026 268 501 449 556
0 0.9673083424568176 1675 439 1832 490
0 0.9627833366394043 244 397 350 438
0 0.9530764222145081 153 402 228 437
0 0.949256420135498 1374 417 1526 480
0 0.9485925436019897 26 367 117 400
0 0.9296789765357971 843 352 880 390
0 0.9174748063087463 1022 479 1179 545
0 0.9154850244522095 117 350 189 382
0 0.895664632320404 1035 422 1165 477
0 0.8857438564300537 862 326 894 354
0 0.7228628396987915 1573 249 1617 307
0 0.6166496276855469 438 771 465 784
0 0.480977863073349 1242 249 1281 266
0 0.4283237159252167 1887 119 1916 147
0 0.3138996958732605 590 216 615 228
0 0.2715829014778137 696 232 717 244
0 0.26363056898117065 1446 61 1477 82
