0 0.9749428033828735 268 501 448 555
0 0.9603992700576782 243 397 350 438
0 0.9554390907287598 1785 440 1920 488
0 0.9539539813995361 1294 465 1463 520
0 0.953825831413269 1529 418 1692 483
0 0.9448410868644714 153 402 228 437
0 0.933005690574646 843 353 880 390
0 0.9056695103645325 1248 432 1404 487
0 0.8915332555770874 862 326 894 354
0 0.8065072894096375 24 367 117 400
0 0.792683482170105 118 351 191 384
0 0.7171376943588257 1573 249 1616 306
0 0.48948249220848083 1242 250 1280 266
0 0.4172259569168091 437 771 464 783
0 0.41526779532432556 1890 120 1916 145
0 0.3599908649921417 591 216 615 229
0 0.2999168634414673 1482 197 1515 217
0 0.29819491505622864 1734 225 1792 258
0 0.294216126203537 696 232 716 244
