0 0.975558340549469 267 501 449 555
0 0.9644274115562439 624 696 819 911
0 0.9634317755699158 244 397 350 438
0 0.9555292129516602 1219 440 1364 491
0 0.9528356790542603 153 402 227 437
0 0.9452162981033325 26 367 117 400
0 0.93756502866745 906 407 1038 464
0 0.924144983291626 843 353 881 390
0 0.9138010740280151 118 350 189 382
0 0.8811579346656799 971 366 1009 401
0 0.8802584409713745 863 326 894 354
0 0.7490823864936829 1573 249 1616 307
0 0.4174047112464905 1890 121 1915 145
0 0.3892597556114197 1245 251 1281 266
0 0.34984615445137024 695 231 716 244
0 0.3219432830810547 437 770 465 783
0 0.31247684359550476 590 217 615 230
