0 0.975292980670929 269 501 450 555
0 0.9634920358657837 510 799 775 1083
0 0.9629835486412048 244 397 350 438
0 0.9534189105033875 153 402 227 437
0 0.9471377730369568 1168 440 1310 490
0 0.9449417591094971 26 367 117 400
0 0.9395211935043335 845 403 974 460
0 0.9142237901687622 118 350 189 382
0 0.9032579064369202 842 352 881 390
0 0.8751691579818726 862 326 895 354
0 0.8588737845420837 970 357 1005 391
0 0.7500249147415161 1573 249 1615 307
0 0.4044019877910614 1890 121 1915 145
0 0.37759658694267273 1245 251 1281 266
0 0.34116682410240173 695 231 716 244
0 0.28660449385643005 590 216 615 229
0 0.2585826814174652 437 771 468 786
