0 0.9764012098312378 268 501 449 556
0 0.9620675444602966 1544 439 1700 490
0 0.9611214399337769 244 397 350 438
0 0.9525211453437805 153 401 227 437
0 0.949472963809967 26 367 117 400
0 0.9326287508010864 1241 412 1385 474
0 0.9308000206947327 935 506 1076 591
0 0.9272112846374512 843 352 880 390
0 0.9097585678100586 117 350 189 382
0 0.8868051171302795 863 326 895 354
0 0.8582704663276672 995 406 1071 454
0 0.7484573721885681 1573 249 1616 307
0 0.578876256942749 436 772 462 784
0 0.528639018535614 1243 250 1281 266
0 0.4191000461578369 1891 121 1916 145
0 0.3593592941761017 588 216 615 229
0 0.29042527079582214 695 232 716 245
0 0.26671338081359863 1733 227 1789 258
0 0.2651035785675049 1481 196 1515 216
0 0.2558820843696594 1648 85 1671 112
