0 0.9754905700683594 267 501 449 556
0 0.9634307622909546 244 397 350 438
0 0.9632323384284973 573 743 798 1003
0 0.9535536170005798 153 402 227 437
0 0.9475940465927124 1193 441 1337 491
0 0.9458982348442078 26 367 117 400
0 0.9264136552810669 873 405 1004 460
0 0.9152284264564514 843 352 880 390
0 0.9150679111480713 118 350 189 382
0 0.8785206079483032 863 326 894 354
0 0.8724930286407471 970 362 1007 396
0 0.7529978156089783 1573 249 1616 307
0 0.39702242612838745 1890 121 1915 145
0 0.37698253989219666 1245 251 1281 266
0 0.3423427641391754 695 231 716 244
0 0.29402998089790344 590 217 615 230
0 0.273015558719635 437 770 465 784
