0 0.9748390913009644 268 501 450 555
0 0.960782527923584 243 397 350 438
0 0.9569266438484192 1785 440 1920 488
0 0.9474753737449646 1379 466 1547 521
0 0.9448336362838745 153 402 228 437
0 0.9374744296073914 1537 418 1699 482
0 0.9366479516029358 1307 431 1459 484
0 0.9289885759353638 843 353 880 390
0 0.8875833749771118 863 326 894 354
0 0.7347992658615112 1574 249 1615 306
0 0.555222749710083 119 351 190 384
0 0.5550903677940369 24 368 117 400
0 0.541490375995636 435 771 462 784
0 0.3936132788658142 1891 122 1915 144
0 0.37278786301612854 1242 251 1281 266
0 0.33570292592048645 696 232 717 244
0 0.29407235980033875 589 216 614 228
0 0.27862635254859924 1482 197 1515 216
