0 0.9737918972969055 1060 848 1224 1080
0 0.9708306789398193 1152 455 1487 654
0 0.9546154737472534 70 495 309 596
0 0.9532812833786011 1030 265 1093 325
0 0.9504289031028748 991 336 1056 387
0 0.9412117004394531 1058 248 1109 282
0 0.9349148273468018 1019 316 1071 356
0 0.9075444340705872 1770 439 1919 505
0 0.9025440812110901 1542 110 1590 140
0 0.8199482560157776 1595 62 1690 124
0 0.5928236246109009 113 203 135 215
0 0.4428226947784424 124 1036 157 1050
0 0.4238570034503937 502 24 529 40
0 0.3443291485309601 108 293 135 336
0 0.2718046009540558 348 274 371 289
0 0.2717196047306061 152 200 179 214
0 0.26107996702194214 278 0 311 18
