0 0.976391077041626 268 501 450 556
0 0.9601158499717712 244 397 350 438
0 0.9461143016815186 1379 466 1547 521
0 0.9440171718597412 153 402 228 437
0 0.9387407898902893 1534 419 1698 482
0 0.9350483417510986 1307 431 1459 484
0 0.9286488890647888 843 353 880 390
0 0.9152584075927734 783 509 872 588
0 0.8934463262557983 863 326 894 354
0 0.7247496843338013 1574 249 1616 306
0 0.50390625 435 772 462 783
0 0.43251702189445496 1891 122 1915 145
0 0.3746037483215332 1240 251 1280 267
0 0.36494871973991394 119 351 191 385
0 0.36214151978492737 23 369 118 400
0 0.2519966959953308 697 232 719 246
