0 0.9762074947357178 268 501 449 556
0 0.9615503549575806 244 397 350 438
0 0.9533311724662781 153 401 227 437
0 0.9501828551292419 26 367 117 400
0 0.9479846954345703 1576 440 1733 489
0 0.9373799562454224 955 497 1096 581
0 0.9294094443321228 1270 412 1413 474
0 0.9270605444908142 843 352 880 390
0 0.912068784236908 117 350 189 382
0 0.8849447965621948 863 326 895 354
0 0.868610143661499 1000 410 1086 460
0 0.7538476586341858 1573 249 1616 307
0 0.5316759943962097 1243 250 1281 266
0 0.49712294340133667 436 772 462 784
0 0.4181780219078064 1891 120 1916 145
0 0.37249886989593506 588 216 615 229
0 0.3534095883369446 695 232 716 245
0 0.28239694237709045 1270 399 1340 438
0 0.26083531975746155 1648 85 1671 112
0 0.25407302379608154 1481 197 1515 216
0 0.25394484400749207 1734 226 1791 258
