0 0.9759599566459656 268 501 449 556
0 0.9613673090934753 244 397 350 438
0 0.953951358795166 1785 440 1920 488
0 0.9488570094108582 1379 466 1547 521
0 0.9452377557754517 1536 418 1699 483
0 0.9450979828834534 153 402 228 437
0 0.933896541595459 1307 431 1460 484
0 0.9276313781738281 843 353 880 390
0 0.8859838247299194 863 326 894 354
0 0.7988137006759644 24 368 117 400
0 0.7377650737762451 1573 248 1616 306
0 0.7181685566902161 118 351 190 384
0 0.6438684463500977 435 771 462 784
0 0.5001604557037354 1243 251 1280 266
0 0.4176958203315735 1891 121 1915 145
0 0.4089021384716034 696 232 717 245
0 0.316367506980896 590 216 615 229
0 0.3053441047668457 1734 225 1795 259
0 0.2691749036312103 1096 264 1120 280
