0 0.9756052494049072 1 404 203 581
0 0.973881185054779 1060 848 1224 1081
0 0.9549155235290527 1030 265 1093 326
0 0.954217255115509 1219 481 1446 586
0 0.9513941407203674 991 336 1057 387
0 0.9456299543380737 783 556 1008 694
0 0.943371057510376 1057 248 1109 282
0 0.9386920928955078 1018 315 1071 356
0 0.9306091070175171 1532 113 1583 142
0 0.6721633076667786 1590 106 1633 130
0 0.48253077268600464 162 75 192 90
0 0.3794762194156647 51 1 76 10
0 0.3283624053001404 -2 287 135 360
0 0.2783842384815216 347 273 374 289
0 0.2594974637031555 613 364 640 380
0 0.2540510594844818 1438 0 1519 74
0 0.2537340223789215 503 26 530 41
