0 0.9743950963020325 1 403 203 581
0 0.9732831120491028 1059 848 1224 1081
0 0.9552552103996277 1030 265 1093 326
0 0.9517138600349426 991 336 1057 387
0 0.9460870623588562 1449 476 1697 579
0 0.9432212114334106 1058 248 1109 282
0 0.9401130080223083 937 511 1156 610
0 0.9395244717597961 1018 316 1071 356
0 0.9282743334770203 1532 113 1582 142
0 0.7285149693489075 1593 108 1635 131
0 0.5055243968963623 113 203 135 214
0 0.43034136295318604 162 77 193 91
0 0.3902696371078491 -2 299 135 361
0 0.37801989912986755 504 26 527 41
0 0.3400617837905884 52 2 76 11
0 0.32661861181259155 348 273 374 289
0 0.31359627842903137 152 200 183 215
0 0.2904357612133026 104 292 135 341
