0 0.9748346209526062 268 501 449 555
0 0.9615139365196228 243 397 350 438
0 0.9540519118309021 1785 440 1921 488
0 0.9466941952705383 1379 466 1547 521
0 0.946334958076477 152 402 227 437
0 0.9398446679115295 1534 418 1699 482
0 0.9282786846160889 843 353 880 390
0 0.9268016219139099 1307 432 1459 484
0 0.8831207156181335 863 326 894 353
0 0.804490864276886 25 368 117 400
0 0.7882025837898254 119 351 190 384
0 0.7224408388137817 1573 248 1617 306
0 0.5932735204696655 436 771 462 783
0 0.41398781538009644 1890 121 1915 145
0 0.4090241491794586 1243 251 1280 266
0 0.35778525471687317 696 232 717 244
0 0.3064311146736145 590 216 615 229
