0 0.9762787818908691 268 501 449 556
0 0.9597681760787964 243 397 351 438
0 0.9565119743347168 1785 440 1920 488
0 0.9497388005256653 1379 466 1547 521
0 0.9435720443725586 153 402 228 437
0 0.9372804760932922 1535 419 1698 482
0 0.93597412109375 1306 431 1460 484
0 0.9285777807235718 843 353 880 390
0 0.8871034383773804 863 327 894 354
0 0.7335837483406067 1574 248 1616 306
0 0.6990045309066772 25 368 117 400
0 0.6774203777313232 118 351 190 384
0 0.5912218689918518 1242 250 1281 266
0 0.42963263392448425 1890 122 1915 144
0 0.3338284194469452 437 772 463 783
0 0.2839518189430237 588 215 614 228
0 0.2583325207233429 1480 196 1515 216
