0 0.9731531143188477 1059 848 1224 1080
0 0.9522882699966431 69 494 309 596
0 0.9379400610923767 1053 252 1105 289
0 0.9263120293617249 951 409 1035 485
0 0.925570011138916 1021 281 1083 342
0 0.9220115542411804 986 347 1050 402
0 0.915190577507019 1157 315 1233 364
0 0.9022722244262695 1297 99 1419 181
0 0.46848466992378235 87 226 109 239
0 0.379812628030777 502 26 527 41
0 0.37046512961387634 162 75 190 89
0 0.3704271614551544 1155 23 1200 45
0 0.36837753653526306 125 1035 158 1050
0 0.3154233396053314 613 365 641 380
0 0.26543545722961426 348 273 372 288
