0 0.9760258197784424 268 501 449 556
0 0.9613789319992065 244 397 350 438
0 0.9520553350448608 1785 440 1920 488
0 0.9490413069725037 1379 466 1547 521
0 0.9461419582366943 1536 418 1699 483
0 0.9453442096710205 153 402 228 437
0 0.9345830678939819 1307 431 1460 484
0 0.9282705783843994 843 353 880 390
0 0.8854674696922302 863 326 894 354
0 0.798846423625946 25 368 117 400
0 0.7297377586364746 118 351 190 384
0 0.7281954884529114 1573 248 1616 306
0 0.6088026165962219 434 772 461 784
0 0.4254273772239685 1890 121 1915 145
0 0.41986197233200073 1244 251 1281 266
0 0.4064826965332031 696 232 717 244
0 0.3231581151485443 590 216 615 229
0 0.2874695658683777 1734 225 1795 258
0 0.25837141275405884 1096 264 1120 280
