0 0.9747531414031982 268 501 449 555
0 0.9609676599502563 243 397 350 438
0 0.9541290402412415 1785 440 1921 488
0 0.9469858407974243 1379 466 1547 521
0 0.9461035132408142 152 402 227 437
0 0.9400880932807922 1534 418 1699 482
0 0.928152859210968 843 353 880 390
0 0.9259626865386963 1307 432 1459 484
0 0.8832262754440308 863 326 894 353
0 0.8037437200546265 25 368 117 400
0 0.7861546874046326 118 351 190 384
0 0.7284833788871765 1573 248 1617 306
0 0.5687917470932007 436 771 462 783
0 0.46219465136528015 1243 251 1280 266
0 0.41147544980049133 1890 121 1915 145
0 0.3484688997268677 697 232 717 244
0 0.30868157744407654 590 216 615 229
