0 0.9768552780151367 268 501 449 556
0 0.9696939587593079 1656 440 1812 490
0 0.9611377716064453 243 397 350 438
0 0.9524052739143372 153 401 227 437
0 0.9482651948928833 26 367 117 400
0 0.938767671585083 1348 416 1499 479
0 0.9319350719451904 1005 485 1156 552
0 0.9254829287528992 843 352 880 390
0 0.9065095782279968 118 350 189 382
0 0.886640191078186 1024 420 1145 473
0 0.8792145252227783 862 326 895 354
0 0.7415390610694885 1573 249 1616 306
0 0.5573856830596924 437 772 464 785
0 0.530678391456604 1243 249 1281 266
0 0.41011476516723633 1891 120 1916 145
0 0.3966389298439026 587 216 614 229
0 0.30419856309890747 1482 197 1515 216
0 0.29617950320243835 696 233 717 245
0 0.27138203382492065 1648 85 1671 112
0 0.2640986740589142 1097 266 1122 281
