0 0.9763031601905823 268 501 449 555
0 0.9610825777053833 243 397 350 438
0 0.9529754519462585 1785 440 1920 488
0 0.9488740563392639 1380 466 1547 521
0 0.9461287260055542 153 402 227 437
0 0.9432705044746399 1535 419 1698 482
0 0.9319053292274475 1307 432 1459 484
0 0.9312193989753723 843 353 880 390
0 0.8862212896347046 863 326 894 354
0 0.8152069449424744 25 368 117 400
0 0.7766004204750061 119 351 190 383
0 0.738835871219635 1573 248 1616 306
0 0.5039424896240234 1244 251 1280 266
0 0.4850876033306122 435 773 462 785
0 0.40843653678894043 1890 121 1915 145
0 0.3881819546222687 697 232 718 245
0 0.297451913356781 591 216 615 229
