0 0.9750455021858215 268 501 449 555
0 0.960883378982544 244 397 350 438
0 0.9558985233306885 1785 440 1920 488
0 0.9471223950386047 1379 466 1547 521
0 0.9445374011993408 152 402 228 437
0 0.9395435452461243 1535 419 1698 482
0 0.9326236844062805 1307 432 1460 484
0 0.9315364360809326 843 353 880 390
0 0.8879573345184326 863 326 894 354
0 0.8016762137413025 24 368 117 400
0 0.776219367980957 119 351 190 383
0 0.7389331459999084 1573 248 1617 306
0 0.5648812055587769 436 772 463 784
0 0.4951202869415283 1243 251 1281 266
0 0.4159179925918579 1890 122 1915 144
0 0.3777740001678467 697 232 717 245
0 0.27834558486938477 1733 224 1794 258
0 0.2575778663158417 1320 268 1350 298
0 0.2573893964290619 589 216 614 228
