0 0.9749742150306702 268 501 450 556
0 0.9586726427078247 244 397 350 438
0 0.9427777528762817 1380 467 1547 521
0 0.9426058530807495 153 402 228 437
0 0.9375331997871399 1535 419 1697 481
0 0.9248104691505432 1307 432 1459 484
0 0.9186650514602661 857 398 904 440
0 0.913760781288147 842 353 880 390
0 0.8853291273117065 863 327 894 353
0 0.6962887048721313 1573 248 1616 307
0 0.45693063735961914 1241 251 1281 266
0 0.420489102602005 1893 122 1916 144
0 0.3491348922252655 118 350 190 385
0 0.30992206931114197 23 369 118 400
