0 0.9729900360107422 1060 848 1224 1081
0 0.9508168697357178 69 495 309 596
0 0.9455925822257996 1056 248 1108 283
0 0.9370330572128296 1026 271 1090 333
0 0.9259973764419556 946 380 1024 449
0 0.9215272665023804 999 328 1061 383
0 0.9130233526229858 1156 315 1231 364
0 0.9048938751220703 1352 89 1471 167
0 0.5113376975059509 1154 22 1200 44
0 0.47503262758255005 1611 100 1660 127
0 0.4585469961166382 163 76 190 90
0 0.34410691261291504 1492 87 1535 110
0 0.327955037355423 345 271 373 288
0 0.32675325870513916 499 26 528 41
0 0.26381784677505493 124 1034 158 1050
