0 0.9753600358963013 268 501 450 555
0 0.9595616459846497 243 397 350 438
0 0.9564410448074341 1786 440 1920 488
0 0.9496003985404968 1379 467 1547 521
0 0.9438503384590149 1535 418 1698 482
0 0.9435902237892151 152 401 228 437
0 0.9310129880905151 1307 431 1460 484
0 0.9306262731552124 843 352 880 390
0 0.8887401223182678 863 326 894 353
0 0.7575669884681702 24 368 117 400
0 0.7322768568992615 1574 248 1616 307
0 0.7222068309783936 119 351 191 384
0 0.55832839012146 437 771 464 783
0 0.45923861861228943 1243 251 1281 266
0 0.4174111783504486 1890 122 1915 145
0 0.33543315529823303 587 215 613 228
0 0.3335720896720886 696 233 717 245
0 0.3053204119205475 1735 226 1796 258
