0 0.9759193658828735 268 501 449 556
0 0.9607347249984741 244 397 350 438
0 0.9566960334777832 1785 440 1920 488
0 0.9493578672409058 1379 466 1547 521
0 0.9463713765144348 1536 418 1699 483
0 0.9443686008453369 153 402 228 437
0 0.9350016713142395 1307 431 1460 484
0 0.9261829257011414 843 353 880 390
0 0.8826957941055298 863 326 894 354
0 0.7929975390434265 24 368 117 400
0 0.7346556186676025 1573 248 1616 306
0 0.7075097560882568 118 351 190 384
0 0.6415406465530396 435 772 462 784
0 0.4658060669898987 1242 251 1280 266
0 0.4240281879901886 1890 121 1915 145
0 0.40320488810539246 696 232 717 245
0 0.3217182457447052 590 216 615 229
0 0.2873026132583618 1735 225 1794 259
