0 0.9763771891593933 268 501 449 555
0 0.9599665403366089 243 397 350 438
0 0.9543622136116028 1785 440 1920 488
0 0.9488173127174377 1380 467 1547 521
0 0.9452441930770874 153 402 227 437
0 0.9436848759651184 1535 419 1698 482
0 0.9307588934898376 1307 432 1459 484
0 0.9297677278518677 843 353 880 390
0 0.8850953578948975 863 326 894 354
0 0.7771069407463074 24 368 117 400
0 0.7345844507217407 119 351 190 383
0 0.7306385636329651 1573 248 1616 306
0 0.48968636989593506 436 772 462 784
0 0.47535955905914307 1245 251 1281 266
0 0.41760116815567017 1890 122 1915 145
0 0.338876873254776 697 232 718 245
0 0.29842880368232727 591 216 615 229
