0 0.976749062538147 268 501 449 556
0 0.9629592895507812 1633 440 1791 489
0 0.9619007706642151 243 397 350 438
0 0.9539200663566589 153 401 227 437
0 0.9503315687179565 26 367 117 400
0 0.9447674751281738 1322 414 1470 477
0 0.931932806968689 987 488 1136 562
0 0.9262620210647583 843 352 880 390
0 0.9120599627494812 117 350 189 382
0 0.8808000087738037 863 326 895 354
0 0.8747430443763733 1015 414 1124 469
0 0.7365257740020752 1573 249 1616 307
0 0.4950368106365204 1242 249 1281 267
0 0.4931008815765381 437 772 463 784
0 0.4124940037727356 1891 120 1916 145
0 0.3895901143550873 588 216 615 229
0 0.33590948581695557 696 233 717 245
0 0.2540828585624695 1733 226 1793 259
