0 0.9709873199462891 338 500 519 554
0 0.9621997475624084 244 397 350 438
0 0.9531341791152954 153 402 228 437
0 0.9457319974899292 26 367 117 400
0 0.9322417378425598 1048 437 1187 485
0 0.921709418296814 693 396 812 449
0 0.9159769415855408 842 352 880 390
0 0.9119573831558228 117 350 189 382
0 0.8842821717262268 863 326 894 354
0 0.8637661933898926 966 334 1002 367
0 0.7534395456314087 954 959 1196 1081
0 0.7492794990539551 1573 249 1616 308
0 0.5094701647758484 435 770 461 782
0 0.48243263363838196 1243 250 1281 266
0 0.35561075806617737 1890 120 1915 145
0 0.3236202895641327 590 217 616 230
0 0.280948668718338 695 231 717 244
0 0.2526816129684448 1447 58 1480 81
