0 0.9757000207901001 268 501 450 556
0 0.9592861533164978 243 397 350 438
0 0.9568173289299011 1786 440 1920 488
0 0.9488818645477295 1379 466 1547 521
0 0.9435884356498718 152 401 228 437
0 0.9433180689811707 1535 418 1697 482
0 0.9312300086021423 1307 431 1460 484
0 0.930757462978363 843 352 880 390
0 0.8883566856384277 863 326 894 353
0 0.7568670511245728 24 368 117 400
0 0.7385731339454651 1574 248 1616 307
0 0.7325071692466736 119 351 191 384
0 0.4663742184638977 436 771 462 783
0 0.4590698778629303 1243 251 1281 266
0 0.4163547158241272 1890 122 1915 145
0 0.3382163345813751 696 232 717 245
0 0.326862633228302 587 216 613 228
0 0.29009851813316345 1733 225 1796 258
