0 0.9756305813789368 268 501 450 556
0 0.9598947763442993 243 397 350 438
0 0.9558922052383423 1785 440 1920 488
0 0.9486227631568909 1379 466 1547 521
0 0.9450874328613281 152 401 227 437
0 0.943406879901886 1535 418 1697 482
0 0.9310926198959351 843 352 880 390
0 0.931069552898407 1307 431 1460 484
0 0.8884304165840149 863 326 894 353
0 0.7758958339691162 24 368 117 400
0 0.7307683229446411 1574 248 1616 307
0 0.7279356718063354 119 351 190 384
0 0.5195343494415283 436 771 462 783
0 0.4058794677257538 1890 121 1915 144
0 0.40235936641693115 1242 251 1281 267
0 0.36223408579826355 695 232 717 245
0 0.3119776248931885 587 215 613 229
