0 0.9756279587745667 268 501 449 556
0 0.9611114263534546 244 397 350 438
0 0.9562646746635437 1785 440 1920 488
0 0.9495128393173218 1379 466 1547 521
0 0.9467679858207703 1536 418 1699 483
0 0.9446722865104675 153 402 228 437
0 0.9344760775566101 1307 431 1460 484
0 0.9263626337051392 843 353 880 390
0 0.8832792043685913 862 326 894 354
0 0.799159049987793 24 368 117 400
0 0.7306711673736572 1573 248 1616 306
0 0.723443865776062 118 351 190 384
0 0.6196311116218567 435 772 461 784
0 0.44891634583473206 1242 251 1280 266
0 0.4052915573120117 696 233 717 245
0 0.39310571551322937 1891 121 1916 144
0 0.3183099031448364 590 216 615 228
0 0.2906894385814667 1734 225 1795 259
