0 0.9745121598243713 1 403 202 582
0 0.9733720421791077 1059 848 1224 1081
0 0.9553348422050476 1030 265 1093 326
0 0.9518914222717285 991 336 1057 387
0 0.9443535804748535 973 499 1197 599
0 0.943894624710083 1058 248 1109 282
0 0.9422215223312378 1507 478 1759 581
0 0.9395018219947815 1018 316 1071 356
0 0.9262915849685669 1532 113 1582 143
0 0.6008082628250122 1593 110 1633 132
0 0.5302213430404663 113 203 136 215
0 0.4279811382293701 162 76 193 91
0 0.41655460000038147 152 200 184 215
0 0.3904312551021576 503 26 528 41
0 0.33562609553337097 52 2 76 11
0 0.32973092794418335 1441 0 1519 70
0 0.31868746876716614 348 273 374 289
0 0.30610862374305725 1626 57 1690 123
0 0.2836689054965973 173 78 204 93
0 0.25802215933799744 -3 301 135 361
