0 0.9761797785758972 268 501 449 555
0 0.9610826969146729 243 397 350 438
0 0.954420804977417 1785 440 1920 488
0 0.9485741257667542 1379 466 1547 521
0 0.9456225633621216 153 402 227 437
0 0.943817138671875 1536 418 1700 482
0 0.9312435388565063 1307 432 1459 484
0 0.9303843379020691 843 353 880 390
0 0.8849737048149109 863 326 894 354
0 0.7995694279670715 24 368 117 400
0 0.7619007229804993 119 351 190 383
0 0.7460936903953552 1573 248 1616 306
0 0.44058090448379517 1244 251 1280 266
0 0.41883453726768494 1890 121 1915 145
0 0.3508282005786896 697 232 718 245
0 0.34512650966644287 436 772 462 784
0 0.3023602366447449 591 216 615 229
