0 0.9733072519302368 1060 848 1224 1081
0 0.9561465382575989 1030 265 1093 325
0 0.9527108669281006 990 336 1057 387
0 0.9451532959938049 284 425 621 605
0 0.9427461624145508 1057 248 1109 282
0 0.9404301643371582 1018 316 1071 356
0 0.9218264222145081 1538 112 1587 141
0 0.5872893333435059 102 292 135 342
0 0.4844513237476349 1598 99 1649 126
0 0.48358550667762756 113 203 136 214
0 0.39573708176612854 161 75 194 91
0 0.3922436237335205 501 26 529 41
0 0.3745760917663574 1443 0 1519 69
0 0.36698484420776367 53 2 78 11
0 0.2940041422843933 154 199 186 214
0 0.26440557837486267 1 287 142 361
0 0.2525692582130432 1599 75 1691 121
